function R_unordered = compute_R_unordered(t)
%COMPUTE_R_UNORDERED
%    R_UNORDERED = COMPUTE_R_UNORDERED(T)

%    This function was generated by the Symbolic Math Toolbox version 6.3.
%    08-Mar-2016 19:50:55

t2 = 1.0./t.^3;
t3 = t2.*9.24220052393427e1;
t4 = 1.0./t.^2;
t5 = t4.*4.621100261967135e1;
t6 = 1.0./t;
t7 = t6.*6.721600381043106;
t8 = t.*2.155275065491784e-2;
t9 = t.^2;
t10 = t9.*4.167658966420576e-4;
t11 = t9.^2;
t12 = t.*3.394747667193488e-1;
t13 = t9.*9.335556084782091e-2;
t14 = t.*1.704085388295915e-1;
t15 = t9.*8.822446902942259e-3;
t16 = t9.*1.550693888155188e-2;
t17 = t.*t9.*4.542928691535503e-3;
t18 = t11.*4.964505738499547e-4;
t19 = t.*t9.*1.876348625574632e-4;
t20 = t11.*1.148662139374214e-4;
t21 = t.*t9.*3.283610094755606e-4;
t22 = t11.*1.022970837212323e-4;
t23 = t.*t11.*1.178731828886628e-5;
t24 = t9.*t11.*6.787158489944868e-7;
t25 = t.*t9.*8.840488716649707e-5;
t26 = t6.*1.947736474052264e1;
t27 = t9.*6.045811773365953e-3;
t28 = t6.*2.673363787914872e1;
t29 = t11.*1.768097743329941e-5;
t30 = t.*1.069345515165949;
t31 = t.*t9.*9.429854631093021e-3;
t32 = t.*t11.*1.016355505519592e-5;
t33 = t9.*t11.*3.279028046829904e-7;
t34 = t.*t11.*2.75438355933712e-5;
t35 = t.*t9.*t11.*1.718267972137941e-8;
R_unordered = reshape([t3,t5,t7,5.098833055489402e-1,t8,t10,-t3,t5,-t7,5.098833055489402e-1,-t8,t10,t5,t28,4.174868475178073,t12,t16,t21,-t5,t26,-2.546731905865033,t14,-t27,t25,t7,4.174868475178073,t30,t13,t17,t22,-t7,2.546731905865033,t.*(-2.552772305094287e-1),t15,t19,-t29,5.098833055489402e-1,t12,t13,t31,t18,t23,-5.098833055489402e-1,t14,-t15,t.*t9.*(-8.311262181231221e-4),t20,t.*t11.*(-4.209756531737956e-6),t8,t16,t17,t18,t34,t24,-t8,t27,t19,-t20,t32,-t33,t10,t21,t22,t23,t24,t35,-t10,t25,t29,t.*t11.*(-4.209756531737956e-6),t33,t.*t9.*t11.*(-1.002322983747132e-8),-t3,-t5,-t7,-5.098833055489402e-1,-t8,-t10,t3,-t5,t7,-5.098833055489402e-1,t8,-t10,t5,t26,2.546731905865033,t14,t27,t25,-t5,t28,-4.174868475178073,t12,-t16,t21,-t7,-2.546731905865033,t.*(-2.552772305094287e-1),-t15,t19,t29,t7,-4.174868475178073,t30,-t13,t17,-t22,5.098833055489402e-1,t14,t15,t.*t9.*(-8.311262181231221e-4),-t20,t.*t11.*(-4.209756531737956e-6),-5.098833055489402e-1,t12,-t13,t31,-t18,t23,-t8,t9.*(-6.045811773365953e-3),t19,t20,t32,t33,t8,-t16,t17,-t18,t34,-t24,t10,t25,t11.*(-1.768097743329941e-5),t.*t11.*(-4.209756531737956e-6),t9.*t11.*(-3.279028046829904e-7),t.*t9.*t11.*(-1.002322983747132e-8),-t10,t21,-t22,t23,-t24,t35],[12,12]);
