function R_unordered = compute_R_unordered(t)
%COMPUTE_R_UNORDERED
%    R_UNORDERED = COMPUTE_R_UNORDERED(T)

%    This function was generated by the Symbolic Math Toolbox version 6.3.
%    08-Mar-2016 19:51:26

t2 = 1.0./t.^5;
t3 = t2.*6.020633484162896e3;
t4 = 1.0./t.^4;
t5 = t4.*3.010316742081448e3;
t6 = 1.0./t.^3;
t7 = t6.*6.043438914027149e2;
t8 = 1.0./t.^2;
t9 = t8.*5.131221719457014e1;
t10 = 1.0./t;
t11 = t10.*(5.04e2./2.21e2);
t12 = t8.*3.374167009461127e2;
t13 = t.^2;
t14 = t10.*3.006170300287947e1;
t15 = t10.*2.125051419169066e1;
t16 = t.*3.757712875359934e-1;
t17 = t13.*5.207047854106678e-2;
t18 = t13.^2;
t19 = t.*2.961744138214726e-2;
t20 = t13.*8.329905388728918e-3;
t21 = t.*t13.*1.211207093560035e-3;
t22 = t18.*7.541478129713424e-5;
t23 = t.*1.563142739613328e-2;
t24 = t13.*(1.0./7.48e2);
t25 = t6.*1.434668860551213e3;
t26 = t8.*2.669271904566022e2;
t27 = t6.*1.575647881530234e3;
t28 = t10.*8.085561497326203e1;
t29 = t.*(1.07e2./6.63e2);
t30 = t13.*7.884272590154943e-4;
t31 = t.*(5.6e2./5.61e2);
t32 = t.*t13.*4.570592805886924e-4;
t33 = t18.*2.171031582796289e-5;
t34 = t.*t13.*3.039444215914804e-3;
t35 = t.*t18.*1.958825488237253e-6;
R_unordered = reshape([t3,t5,t7,t9,t11,1.0e1./2.21e2,-t3,t5,-t7,t9,-t11,1.0e1./2.21e2,t5,t27,t12,t14,1.406005758946935,t19,-t5,t25,-t26,t15,-8.745372274784039e-1,t23,t7,t12,t28,7.638420403126285,t16,t20,-t7,t26,t10.*(-4.561085972850679e1),3.23282599753188,t.*(-1.100370218017277e-1),t24,t9,t14,7.638420403126285,t31,t17,t21,-t9,t15,-3.23282599753188,t29,-t30,t.*t13.*(-1.48544266191325e-4),t11,1.406005758946935,t16,t17,t34,t22,-t11,8.745372274784039e-1,t.*(-1.100370218017277e-1),t30,t32,-t33,1.0e1./2.21e2,t19,t20,t21,t22,t35,-1.0e1./2.21e2,t23,-t24,t.*t13.*(-1.48544266191325e-4),t33,t.*t18.*(-8.161772867655221e-7),-t3,-t5,-t7,-t9,-t11,-1.0e1./2.21e2,t3,-t5,t7,-t9,t11,-1.0e1./2.21e2,t5,t25,t26,t15,8.745372274784039e-1,t23,-t5,t27,-t12,t14,-1.406005758946935,t19,-t7,t8.*(-2.669271904566022e2),t10.*(-4.561085972850679e1),-3.23282599753188,t.*(-1.100370218017277e-1),-t24,t7,-t12,t28,-7.638420403126285,t16,-t20,t9,t15,3.23282599753188,t29,t30,t.*t13.*(-1.48544266191325e-4),-t9,t14,-7.638420403126285,t31,-t17,t21,-t11,-8.745372274784039e-1,t.*(-1.100370218017277e-1),t13.*(-7.884272590154943e-4),t32,t33,t11,-1.406005758946935,t16,-t17,t34,-t22,1.0e1./2.21e2,t23,t24,t.*t13.*(-1.48544266191325e-4),t18.*(-2.171031582796289e-5),t.*t18.*(-8.161772867655221e-7),-1.0e1./2.21e2,t19,-t20,t21,-t22,t35],[12,12]);
